66 1 0.518798621611 0.336210782431 0.481201378389
199 1 0.549728852444 0.253556894679 0.450271147556
382 0 0.349785607138 0.532083348644 0.650214392862
375 0 0.539412920077 0.623596927379 0.460587079923
331 1 0.65635711634 0.0520114990352 0.34364288366
297 0 0.642608645209 0.655020627003 0.357391354791
79 0 0.446374538934 0.748624479694 0.553625461066
154 0 0.524147927012 0.595089061404 0.475852072988
184 -1 0.480780032806 0.465211392521 0.519219967194
277 -1 0.401933450068 0.110374008842 0.598066549932
261 0 0.44338393129 0.527168738102 0.55661606871
226 -1 0.441255624006 0.29410245927 0.558744375994
202 -1 0.499609998285 0.145943491623 0.500390001715
266 0 0.561548813433 0.685969277268 0.438451186567
420 -1 0.473649539434 0.342638210619 0.526350460566
185 0 0.43809101059 0.748861305927 0.56190898941
119 0 0.296897074594 0.548764653304 0.703102925406
212 0 0.49353053772 0.627866664313 0.50646946228
155 0 0.432254982817 0.67443727019 0.567745017183
327 0 0.491434631787 0.661257709472 0.508565368213
292 0 0.540239568344 0.521632745375 0.459760431656
237 1 0.585889469795 0.346902407883 0.414110530205
162 0 0.534846115919 0.964193465962 0.465153884081
190 -1 0.327494497777 0.155716949582 0.672505502223
201 1 0.770478268962 0.0823374001886 0.229521731038
205 -1 0.228885342916 0.336834697065 0.771114657084
207 0 0.588009360869 0.629847297243 0.411990639131
207 -1 0.317797139527 0.333545856307 0.682202860473
307 0 0.362105273106 0.760165415624 0.637894726894
201 -1 0.32150152799 0.30445492579 0.67849847201
298 -1 0.288237727673 0.170350010982 0.711762272327
340 -1 0.454994986293 0.10218768904 0.545005013707
435 -1 0.350699667291 0.3701810792 0.649300332709
175 1 0.529111719039 0.373981570418 0.470888280961
187 1 0.689363482265 0.145474554032 0.310636517735
278 -1 0.454051463344 0.365463358919 0.545948536656
208 1 0.549109670275 0.193424050862 0.450890329725
215 1 0.677675780758 0.290662164625 0.322324219242
224 0 0.581262231488 0.699636307013 0.418737768512
282 1 0.516456700963 0.14655152685 0.483543299037
190 1 0.583819885938 0.174148897695 0.416180114062
225 1 0.539463465281 0.156609286968 0.460536534719
192 1 0.561723039334 0.0799500211413 0.438276960666
201 0 0.531123413746 0.683721888321 0.468876586254
215 1 0.52394421555 0.404584170156 0.47605578445
220 1 0.523609529586 0.485560236226 0.476390470414
229 -1 0.243826648879 0.381489624196 0.756173351121
281 -1 0.465007063063 0.333402628251 0.534992936937
343 1 0.54234518442 0.271274734957 0.45765481558
391 -1 0.235329180673 0.16681968492 0.764670819327
220 0 0.376000098064 0.524215014256 0.623999901936
241 -1 0.281508821778 0.336862899441 0.718491178222
320 -1 0.392690466393 0.40171585599 0.607309533607
330 0 0.659635138991 0.894146254666 0.340364861009
210 -1 0.494514180459 0.397483891511 0.505485819541
237 -1 0.441038506151 0.471536803799 0.558961493849
221 -1 0.409176146855 0.286639597038 0.590823853145
237 -1 0.433580471296 0.298630757221 0.566419528704
281 1 0.717371915544 0.445697418116 0.282628084456
349 -1 0.340159478888 0.189982011831 0.659840521112
345 0 0.266468259812 0.848703262841 0.733531740188
226 0 0.392867508291 0.541003316211 0.607132491709
238 -1 0.403536611729 0.155050652589 0.596463388271
292 -1 0.381208440064 0.132405101742 0.618791559936
393 -1 0.438478895792 0.34832903077 0.561521104208
153 0 0.53897206912 0.734550546215 0.46102793088
238 1 0.751312522648 0.187366463159 0.248687477352
288 0 0.557421527178 0.813490110767 0.442578472822
296 -1 0.251840236919 0.326670076635 0.748159763081
336 0 0.391782451339 0.681076601735 0.608217548661
341 1 0.542678272064 0.130279427751 0.457321727936
351 1 0.758138416654 0.236260552843 0.241861583346
359 -1 0.198543739435 0.151390722083 0.801456260565
364 -1 0.49265890203 0.211837758176 0.50734109797
346 1 0.589876677721 0.175620634724 0.410123322279
337 0 0.645419334532 0.830810736809 0.354580665468
336 -1 0.448648365342 0.0762218600314 0.551351634658
330 0 0.678797489075 0.796842427067 0.321202510925
329 0 0.647650084719 0.765885227907 0.352349915281
306 1 0.527116306332 0.204946956613 0.472883693668
243 0 0.481495262885 0.755799058963 0.518504737115
178 0 0.659245222162 0.810094805616 0.340754777838
179 0 0.256227638785 0.670420285224 0.743772361215
375 0 0.463657890292 0.704442175135 0.536342109708
179 -1 0.292264149863 0.190455713354 0.707735850137
195 -1 0.46991699358 0.0798729832473 0.53008300642
314 -1 0.200013269441 0.244662406923 0.799986730559
225 0 0.65941159359 0.62934773558 0.34058840641
179 1 0.633125615772 0.264760444076 0.366874384228
251 1 0.598342131917 0.478960978421 0.401657868083
394 -1 0.274712605486 0.273257350039 0.725287394514
398 -1 0.444164706955 0.101638495198 0.555835293045
291 0 0.523372226679 0.918380817595 0.476627773321
396 -1 0.277552501735 0.335606045371 0.722447498265
418 -1 0.326530339321 0.221041750497 0.673469660679
178 1 0.551498057296 0.0345621631902 0.448501942704
360 -1 0.489874638015 0.425602085936 0.510125361985
193 0 0.313332684838 0.881411164334 0.686667315162
336 0 0.505712994158 0.734821284222 0.494287005842
216 0 0.495247785676 0.775200169424 0.504752214324
311 1 0.609829865144 0.116455429791 0.390170134856
283 1 0.729121745633 0.0505145372466 0.270878254367
320 0 0.394046508784 0.524969751562 0.605953491216
390 -1 0.423705125593 0.186120859091 0.576294874407
343 0 0.521113935826 0.805122352581 0.478886064174
320 1 0.749908379616 0.117788207576 0.250091620384
389 1 0.502622323975 0.281348566793 0.497377676025
184 -1 0.417681987528 0.490348822956 0.582318012472
193 0 0.421610985328 0.522593536931 0.578389014672
195 0 0.418173787866 0.522593536931 0.581826212134
225 0 0.438563576783 0.604192291469 0.561436423217
203 1 0.524983596022 0.0403802089799 0.475016403978
235 0 0.268911439717 0.519622805582 0.731088560283
430 0 0.421610985328 0.522593536931 0.578389014672
305 0 0.474551010948 0.560408557806 0.525448989052
304 -1 0.308582155703 0.240721606205 0.691417844297
298 1 0.700930459693 0.148858622629 0.299069540307
249 0 0.387088745489 0.508332646777 0.612911254511
247 -1 0.390744602317 0.342481872858 0.609255397683
238 -1 0.296580183575 0.130879716739 0.703419816425
230 -1 0.439986244664 0.298385994928 0.560013755336
223 0 0.476198972016 0.627681943152 0.523801027984
212 0 0.330624401685 0.635439899487 0.669375598315
210 -1 0.322676541903 0.361671359911 0.677323458097
260 1 0.559676954043 0.0524615413936 0.440323045957
280 -1 0.218246002336 0.146264474033 0.781753997664
239 0 0.421610985328 0.522593536931 0.578389014672
104 -1 0.218975500969 0.209815862541 0.781024499031
172 1 0.502521203775 0.300699561529 0.497478796225
197 1 0.530973722407 0.223065148437 0.469026277593
227 1 0.709159408543 0.152100303826 0.290840591457
246 -1 0.487327528251 0.279849054749 0.512672471749
324 1 0.733128204688 0.0498194017431 0.266871795312
328 -1 0.404563003663 0.277523451509 0.595436996337
360 -1 0.417681987528 0.490348822956 0.582318012472
293 0 0.527717826846 0.69887668908 0.472282173154
287 -1 0.470009242236 0.420424717644 0.529990757764
235 -1 0.408463411097 0.435603889759 0.591536588903
228 0 0.387088745489 0.508332646777 0.612911254511
208 -1 0.353099523655 0.371106306245 0.646900476345
206 -1 0.417681987528 0.490348822956 0.582318012472
180 -1 0.452674336187 0.342595170364 0.547325663813
171 0 0.584099502478 0.819786480341 0.415900497522
238 1 0.654373841232 0.342178555456 0.345626158768
191 0 0.423576104951 0.648087402949 0.576423895049
193 0 0.30226908023 0.959151565075 0.69773091977
204 -1 0.439704210267 0.392461522135 0.560295789733
236 -1 0.409184434107 0.496401625164 0.590815565893
239 1 0.646362142417 0.18134292765 0.353637857583
156 -1 0.480429634995 0.338305962283 0.519570365005
219 -1 0.267642295768 0.333981558654 0.732357704232
229 -1 0.362806754967 0.115956167401 0.637193245033
246 0 0.547099893294 0.58586772241 0.452900106706
236 -1 0.311226529744 0.333376982466 0.688773470256
247 -1 0.447514111936 0.465729712224 0.552485888064
280 0 0.532349528689 0.713187306763 0.467650471311
194 -1 0.333448086499 0.212026611777 0.666551913501
196 -1 0.252037279952 0.174169132361 0.747962720048
231 0 0.475787646598 0.588072217459 0.524212353402
241 0 0.278553763014 0.537348551022 0.721446236986
141 -1 0.345389470625 0.339586088518 0.654610529375
288 0 0.348153877131 0.610961411313 0.651846122869
179 -1 0.371110642881 0.394653615668 0.628889357119
193 -1 0.372026970698 0.0188066485172 0.627973029302
199 1 0.652119042762 0.351936600043 0.347880957238
279 0 0.632470896432 0.575729314181 0.367529103568
284 0 0.508363654144 0.592116548206 0.491636345856
388 0 0.632470896432 0.575729314181 0.367529103568
393 0 0.509137517802 0.717038170154 0.490862482198
270 -1 0.272694890734 0.151597867711 0.727305109266
223 -1 0.386399953621 0.414713369831 0.613600046379
278 -1 0.372541143909 0.389752105371 0.627458856091
358 -1 0.464961270429 0.0958473007491 0.535038729571
121 0 0.561524199305 0.678095836959 0.438475800695
228 0 0.348153877131 0.610961411313 0.651846122869
222 0 0.498226352041 0.595089061404 0.501773647959
205 0 0.348153877131 0.610961411313 0.651846122869
196 0 0.438563576783 0.604192291469 0.561436423217
208 -1 0.369907725522 0.374189978154 0.630092274478
219 0 0.348153877131 0.610961411313 0.651846122869
174 -1 0.22820805059 0.166790731583 0.77179194941
214 0 0.547024327476 0.725803266218 0.452975672524
189 -1 0.375817954914 0.48198724825 0.624182045086
196 0 0.412654613789 0.522593536931 0.587345386211
198 0 0.429795957718 0.58246549625 0.570204042282
223 0 0.438563576783 0.604192291469 0.561436423217
196 0 0.438563576783 0.604192291469 0.561436423217
192 -1 0.345335845242 0.371106306245 0.654664154758
195 -1 0.369907725522 0.374189978154 0.630092274478
205 -1 0.369907725522 0.374189978154 0.630092274478
195 -1 0.369907725522 0.374189978154 0.630092274478
197 0 0.490448001093 0.595089061404 0.509551998907
203 0 0.429795957718 0.58246549625 0.570204042282
228 0 0.477791031162 0.595089061404 0.522208968838
252 -1 0.417681987528 0.490348822956 0.582318012472
225 0 0.438563576783 0.604192291469 0.561436423217
186 0 0.377262443748 0.637417617649 0.622737556252
187 0 0.387486222867 0.532735138626 0.612513777133
236 -1 0.417681987528 0.490348822956 0.582318012472
218 0 0.403511216922 0.670723979464 0.596488783078
187 0 0.487596426964 0.582887683457 0.512403573036
212 0 0.523717196277 0.577769345664 0.476282803723
185 -1 0.28669531886 0.386610592633 0.71330468114
240 0 0.421610985328 0.522593536931 0.578389014672
368 -1 0.257156961941 0.342880354029 0.742843038059
370 0 0.567685479282 0.814846877509 0.432314520718
371 0 0.490448001093 0.595089061404 0.509551998907
376 0 0.429692222265 0.720167552677 0.570307777735
378 -1 0.480547254542 0.470304194392 0.519452745458
185 0 0.416022831633 0.931371411593 0.583977168367
373 -1 0.40706729905 0.125358583742 0.59293270095
369 1 0.635316071615 0.167681590154 0.364683928385
374 -1 0.240029465406 0.11780333866 0.759970534594
434 1 0.552348943059 0.430810655512 0.447651056941
218 1 0.548570682839 0.364799382899 0.451429317161
273 0 0.478755578923 0.522034562159 0.521244421077
398 -1 0.451695549842 0.107770309894 0.548304450158
190 0 0.387486222867 0.532735138626 0.612513777133
216 -1 0.419737147204 0.349349629912 0.580262852796
180 -1 0.337814702418 0.150799692014 0.662185297582
221 -1 0.458390787163 0.156792142688 0.541609212837
232 1 0.511067678594 0.124063247901 0.488932321406
200 1 0.558162685783 0.335133236777 0.441837314217
273 1 0.533940048098 0.39057009368 0.466059951902
250 1 0.501531612811 0.242305241255 0.498468387189
355 -1 0.18438043268 0.172186460044 0.81561956732
220 -1 0.478145725632 0.377685628955 0.521854274368
228 0 0.465414941352 0.804339142161 0.534585058648
274 -1 0.389282030437 0.339944130691 0.610717969563
206 -1 0.468129263348 0.394183399382 0.531870736652
211 -1 0.468129263348 0.394183399382 0.531870736652
212 1 0.56463263307 0.355384944674 0.43536736693
198 -1 0.301729992036 0.0854671849108 0.698270007964
291 0 0.311853858579 0.751389601283 0.688146141421
250 -1 0.314806137471 0.439067019755 0.685193862529
334 1 0.507302529289 0.430999648775 0.492697470711
268 -1 0.44787444528 0.268338898654 0.55212555472
293 -1 0.448919564264 0.246404799002 0.551080435736
240 1 0.631010020508 0.0872106076648 0.368989979492
304 0 0.289056989758 0.62400722521 0.710943010242
276 0 0.253564610914 0.644148197641 0.746435389086
347 0 0.284599907798 0.965973364433 0.715400092202
299 1 0.752996334686 0.338245791472 0.247003665314
257 0 0.490448001093 0.595089061404 0.509551998907
308 1 0.511111323315 0.339727017671 0.488888676685
294 -1 0.245268601326 0.397617160969 0.754731398674
339 -1 0.332992297944 0.152824632797 0.667007702056
433 -1 0.352857530618 0.404273949401 0.647142469382
369 -1 0.186732193977 0.266871000197 0.813267806023
239 -1 0.286478386643 0.00798074479133 0.713521613357
277 0 0.48524482265 0.715425292318 0.51475517735
299 -1 0.425369263519 0.313147714696 0.574630736481
318 -1 0.311025274093 0.382296227632 0.688974725907
353 -1 0.341731284078 0.0883273064378 0.658268715922
339 -1 0.212413007017 0.136572710687 0.787586992983
280 -1 0.287401466901 0.446848311732 0.712598533099
331 0 0.491113488403 0.595089061404 0.508886511597
200 -1 0.279806359118 0.202582169678 0.720193640882
378 -1 0.446679580468 0.446234036753 0.553320419532
289 1 0.688111740015 0.010736569859 0.311888259985
302 -1 0.275142593792 0.100489323361 0.724857406208
359 -1 0.408833079761 0.127955931915 0.591166920239
427 0 0.389995309474 0.591813889299 0.610004690526
364 0 0.422535137139 0.595089061404 0.577464862861
388 0 0.390539475738 0.735959538566 0.609460524262
411 1 0.635663561458 0.259008508328 0.364336438542
429 1 0.518007300492 0.000146735014767 0.481992699508
377 0 0.560598519304 0.727542756593 0.439401480696
432 -1 0.179386035479 0.187552435829 0.820613964521
413 1 0.652906334314 0.147515389327 0.347093665686
368 0 0.538581778114 0.523534531195 0.461418221886
433 -1 0.43118851095 0.39738683131 0.56881148905
426 -1 0.296546748346 0.266053584101 0.703453251654
312 -1 0.46369584757 0.328313439445 0.53630415243
314 0 0.560467963235 0.613078922483 0.439532036765
365 0 0.54306563944 0.795530311176 0.45693436056
395 -1 0.37765386902 0.253162424986 0.62234613098
262 -1 0.312575424269 0.140665612206 0.687424575731
170 0 0.169299626018 0.936550092676 0.830700373982
223 1 0.637232979274 0.227619382674 0.362767020726
431 1 0.555182967678 0.276569397931 0.444817032322
398 -1 0.354399670842 0.00164449951264 0.645600329158
377 -1 0.346210206426 0.13123038154 0.653789793574
370 -1 0.184206024018 0.18919219179 0.815793975982
366 0 0.610363549191 0.708661978142 0.389636450809
271 -1 0.382970566963 0.161407895474 0.617029433037
254 -1 0.388022753354 0.433306875964 0.611977246646
214 1 0.610145406997 0.273261720875 0.389854593003
239 1 0.504135931235 0.107939145237 0.495864068765
328 -1 0.317910125984 0.172381672124 0.682089874016
240 -1 0.284092226935 0.3104189762 0.715907773065
357 -1 0.312345336524 0.285995827327 0.687654663476
279 -1 0.405069889589 0.454541417177 0.594930110411
209 0 0.144418213341 0.562628391078 0.855581786659
212 -1 0.403875923691 0.27797813389 0.596124076309
231 -1 0.331036074837 0.250186067487 0.668963925163
357 -1 0.362784261631 0.246100613793 0.637215738369
382 -1 0.320873402099 0.0685419814641 0.679126597901
209 -1 0.280436428333 0.257695361208 0.719563571667
366 -1 0.397080082513 0.223453082555 0.602919917487
354 1 0.533958803455 0.067936356677 0.466041196545
317 0 0.266492838523 0.965671928504 0.733507161477
258 -1 0.178775964849 0.188997458574 0.821224035151
281 -1 0.410416698958 0.231706339553 0.589583301042
364 -1 0.475106675355 0.473692797471 0.524893324645
369 1 0.594066680524 0.435354628764 0.405933319476
254 1 0.517883311632 0.466267620675 0.482116688368
374 1 0.551112315283 0.187405710616 0.448887684717
273 1 0.620863321271 0.140055807779 0.379136678729
277 1 0.532996757977 0.120172863072 0.467003242023
278 1 0.765219308496 0.171233876182 0.234780691504
279 -1 0.488519782149 0.391638151604 0.511480217851
293 0 0.532276802869 0.718025157641 0.467723197131
396 0 0.61047689465 0.858483171777 0.38952310535
436 -1 0.490298479235 0.409250521784 0.509701520765
265 1 0.724208937327 0.393766189556 0.275791062673
271 -1 0.397164933792 0.422294602273 0.602835066208
279 -1 0.394229054575 0.145358693664 0.605770945425
379 1 0.566253987586 0.0610410577346 0.433746012414
181 -1 0.252544018435 0.244059316131 0.747455981565
334 -1 0.418665416837 0.120876597817 0.581334583163
340 0 0.478342877135 0.869597635316 0.521657122865
264 -1 0.243611035117 0.197704421768 0.756388964883
393 -1 0.47280482747 0.162471433474 0.52719517253
200 1 0.537662782705 0.152954780174 0.462337217295
234 -1 0.305867041817 0.136119453862 0.694132958183
268 1 0.64475030838 0.00665586298409 0.35524969162
380 -1 0.378587244131 0.0191256236929 0.621412755869
430 0 0.504563063038 0.779948726101 0.495436936962
372 -1 0.491319188564 0.291531603037 0.508680811436
354 0 0.478200163027 0.673609173795 0.521799836973
276 1 0.756498752843 0.147966156445 0.243501247157
253 0 0.365583448277 0.690134603204 0.634416551723
248 0 0.545779368309 0.595089061404 0.454220631691
233 1 0.602795377209 0.499184157033 0.397204622791
210 -1 0.48410564193 0.0722047700762 0.51589435807
216 -1 0.344756562021 0.184490744378 0.655243437979
284 0 0.454504670517 0.70642503119 0.545495329483
285 1 0.507057388762 0.195652177519 0.492942611238
225 1 0.56230286779 0.375955777329 0.43769713221
255 -1 0.201750277365 0.11888905482 0.798249722635
285 -1 0.487973430775 0.29808439756 0.512026569225
254 1 0.57102944968 0.294629560725 0.42897055032
224 -1 0.36231280067 0.184438699178 0.63768719933
272 -1 0.279103432255 0.174125374045 0.720896567745
289 1 0.712964315019 0.201260455969 0.287035684981
231 -1 0.39355414299 0.435973773112 0.60644585701
351 -1 0.474538751383 0.143957067357 0.525461248617
214 0 0.490448001093 0.595089061404 0.509551998907
237 0 0.594039471741 0.709358345804 0.405960528259
245 0 0.348135329106 0.984316419934 0.651864670894
260 0 0.76502741668 0.841112276895 0.23497258332
207 -1 0.449102851435 0.343329895402 0.550897148565
217 0 0.490448001093 0.595089061404 0.509551998907
228 1 0.53505192543 0.270643426027 0.46494807457
215 -1 0.471830076944 0.410364835988 0.528169923056
237 0 0.465156437308 0.597679885767 0.534843562692
365 0 0.260127534759 0.539279206624 0.739872465241
267 1 0.525190090209 0.31338940287 0.474809909791
208 -1 0.347529757205 0.173215357338 0.652470242795
368 -1 0.287597453902 0.0541073476834 0.712402546098
236 -1 0.256812201688 0.394068183549 0.743187798312
230 -1 0.442475753495 0.243342487151 0.557524246505
257 0 0.390216395659 0.864492622173 0.609783604341
348 1 0.611631520753 0.350193277567 0.388368479247
220 0 0.53126258486 0.98108064206 0.46873741514
309 -1 0.277256402779 0.122634828292 0.722743597221
365 0 0.658887152083 0.571128381563 0.341112847917
319 -1 0.270553062532 0.267816514912 0.729446937468
337 -1 0.301731413057 0.373854035999 0.698268586943
356 -1 0.49398261165 0.0119749289106 0.50601738835
374 -1 0.425494759222 0.466457473448 0.574505240778
359 1 0.706195847727 0.167865407235 0.293804152273
355 1 0.645460506795 0.0640681828111 0.354539493205
223 -1 0.493789136126 0.119607716579 0.506210863874
273 -1 0.254586620914 0.174403523721 0.745413379086
397 1 0.590084630296 0.173719442654 0.409915369704
308 -1 0.478964613054 0.108349971835 0.521035386946
345 -1 0.156646895684 0.258784368104 0.843353104316
278 1 0.501499361064 0.175974417415 0.498500638936
273 -1 0.12537192632 0.104516025652 0.87462807368
187 -1 0.396280404926 0.239569361728 0.603719595074
402 0 0.356988790447 0.989724079479 0.643011209553
391 -1 0.390877242699 0.340390349031 0.609122757301
348 1 0.542872749224 0.479445671537 0.457127250776
328 1 0.574048697657 0.336418801359 0.425951302343
283 1 0.625160324828 0.194375469418 0.374839675172
229 0 0.626304890677 0.733845407319 0.373695109323
244 -1 0.129821082286 0.231944230336 0.870178917714
240 0 0.137298434904 0.615456461051 0.862701565096
235 0 0.361848371053 0.689710325241 0.638151628947
428 0 0.490023786488 0.698672181378 0.509976213512
347 -1 0.343884754705 0.0529971007333 0.656115245295
291 1 0.62585884943 0.389510579888 0.37414115057
226 -1 0.212138016378 0.279132539172 0.787861983622
264 0 0.490448001093 0.595089061404 0.509551998907
256 -1 0.371117626143 0.336520196139 0.628882373857
342 -1 0.283331444186 0.333697722118 0.716668555814
254 -1 0.447590223742 0.150236634688 0.552409776258
341 0 0.264284872108 0.525691889964 0.735715127892
248 0 0.639834716484 0.695185585698 0.360165283516
429 0 0.414435400983 0.557425302686 0.585564599017
247 1 0.523755261732 0.467802699291 0.476244738268
398 -1 0.332304861802 0.118768269427 0.667695138198
406 -1 0.169017207091 0.0889854021891 0.830982792909
25 1 0.574662194373 0.230918302162 0.425337805627
160 -1 0.275582893558 0.475785588853 0.724417106442
169 1 0.505445132027 0.151180495034 0.494554867973
319 -1 0.497076030986 0.128496055242 0.502923969014
175 0 0.534668661723 0.618059877779 0.465331338277
179 0 0.544319431727 0.770365333558 0.455680568273
197 -1 0.371881711442 0.340097052005 0.628118288558
210 -1 0.297725581388 0.261298309774 0.702274418612
407 1 0.521563094166 0.366607818482 0.478436905834
398 1 0.515402544004 0.394322402553 0.484597455996
368 1 0.613788579246 0.194740199974 0.386211420754
279 -1 0.340742661304 0.0214831672578 0.659257338696
259 -1 0.376310407375 0.331796093428 0.623689592625
254 -1 0.435023428833 0.256504780815 0.564976571167
236 -1 0.385878234976 0.340565752783 0.614121765024
211 1 0.520125910128 0.282371743346 0.479874089872
212 1 0.588703583328 0.34228518188 0.411296416672
225 -1 0.313981706373 0.0141507779941 0.686018293627
206 -1 0.234589564004 0.148903877673 0.765410435996
134 -1 0.263817979258 0.148995608603 0.736182020742
178 1 0.625998221114 0.200147584059 0.374001778886
193 -1 0.449859651604 0.430203848891 0.550140348396
338 1 0.711374148049 0.0376728710246 0.288625851951
170 -1 0.429860226065 0.311482359912 0.570139773935
177 -1 0.485129051715 0.37583056433 0.514870948285
61 1 0.648253337154 0.205451218201 0.351746662846
151 0 0.486565259788 0.591975755782 0.513434740212
167 0 0.347020523495 0.925735186131 0.652979476505
168 -1 0.187512663963 0.0316651866513 0.812487336037
204 0 0.499876475317 0.869301205865 0.500123524683
67 0 0.586389795415 0.556731859479 0.413610204585
73 0 0.490448001093 0.595089061404 0.509551998907
230 0 0.490448001093 0.595089061404 0.509551998907
276 1 0.503888842748 0.221141576438 0.496111157252
142 -1 0.391376845155 0.289866855944 0.608623154845
368 0 0.550777932712 0.720807062405 0.449222067288
308 -1 0.489382650328 0.450570136946 0.510617349672
289 1 0.613730492803 0.388256766088 0.386269507197
259 1 0.50771911935 0.384100492461 0.49228088065
215 -1 0.37240762838 0.432412021042 0.62759237162
204 -1 0.316565897354 0.14694692094 0.683434102646
152 0 0.671561237978 0.863428395441 0.328438762022
356 0 0.46756798211 0.612530773352 0.53243201789
65 -1 0.397042345291 0.395089061404 0.602957654709
389 -1 0.26406388031 0.30193898139 0.73593611969
202 -1 0.482298241798 0.183231405602 0.517701758202
216 -1 0.397042345291 0.395089061404 0.602957654709
287 0 0.490448001093 0.595089061404 0.509551998907
79 1 0.622788865678 0.379101957695 0.377211134322
410 0 0.488477722198 0.628067521936 0.511522277802
265 -1 0.271356092289 0.0771536949218 0.728643907711
302 -1 0.397042345291 0.395089061404 0.602957654709
148 0 0.490448001093 0.595089061404 0.509551998907
284 0 0.490448001093 0.595089061404 0.509551998907
192 0 0.490448001093 0.595089061404 0.509551998907
204 0 0.504038846562 0.751963677939 0.495961153438
110 1 0.552638659983 0.192822646552 0.447361340017
131 -1 0.324075747265 0.490911469018 0.675924252735
170 1 0.508299267126 0.241796846626 0.491700732874
187 -1 0.353029483771 0.358214583605 0.646970516229
226 -1 0.396262548818 0.347420150979 0.603737451182
218 1 0.621302293419 0.306644213747 0.378697706581
302 0 0.332918390191 0.726794927535 0.667081609809
273 0 0.353338588824 0.510099681029 0.646661411176
267 0 0.481906984561 0.772433118928 0.518093015439
153 1 0.670344041254 0.0513348399936 0.329655958746
163 1 0.67203880647 0.180519516987 0.32796119353
320 -1 0.442969361458 0.411626375203 0.557030638542
291 -1 0.469721254198 0.343701772998 0.530278745802
268 1 0.529739829014 0.331052909838 0.470260170986
259 -1 0.247306517004 0.241192552261 0.752693482996
219 1 0.519207134034 0.395052892432 0.480792865966
198 0 0.490448001093 0.595089061404 0.509551998907
165 1 0.540604277773 0.338930854086 0.459395722227
183 -1 0.448797903158 0.326722298925 0.551202096842
169 1 0.537632156884 0.36671518624 0.462367843116
179 0 0.438253124836 0.602873137647 0.561746875164
105 -1 0.129952025307 0.135119425247 0.870047974693
200 1 0.556249135973 0.0699095679008 0.443750864027
221 0 0.263573121777 0.686009550674 0.736426878223
235 -1 0.230199749522 0.329882184536 0.769800250478
111 1 0.543539972213 0.222343124943 0.456460027787
420 1 0.900728904966 0.108336843601 0.0992710950344
347 -1 0.445250205014 0.179627153111 0.554749794986
191 1 0.678367897148 0.0640934111088 0.321632102852
133 -1 0.216226486705 0.0722740871595 0.783773513295
234 -1 0.396210302049 0.131281215166 0.603789697951
189 1 0.609800152655 0.22502893683 0.390199847345
199 -1 0.346856898358 0.23915936393 0.653143101642
140 -1 0.447854385164 0.171601746488 0.552145614836
244 1 0.613787013591 0.125221303006 0.386212986409
187 -1 0.423152294746 0.355040064702 0.576847705254
202 -1 0.307919386225 0.334175346746 0.692080613775
183 -1 0.407022643564 0.334673214492 0.592977356436
203 -1 0.255807072719 0.337674847941 0.744192927281
192 -1 0.377347323207 0.0714213360671 0.622652676793
278 1 0.747935516069 0.146686363652 0.252064483931
120 1 0.892579474292 0.116111871941 0.107420525708
212 -1 0.423433680444 0.0150240004396 0.576566319556
205 -1 0.475637473344 0.476456245692 0.524362526656
343 1 0.602257295855 0.092309364383 0.397742704145
231 1 0.726682420302 0.269542526102 0.273317579698
222 0 0.515729078823 0.746832753647 0.484270921177
215 -1 0.479751471246 0.342614923556 0.520248528754
142 -1 0.234399832709 0.437814031319 0.765600167291
417 -1 0.444205641782 0.079004595579 0.555794358218
381 -1 0.414911341504 0.182719044751 0.585088658496
374 -1 0.351988892412 0.156540862667 0.648011107588
368 -1 0.300608304303 0.244296594538 0.699391695697
345 -1 0.306177807054 0.267668908343 0.693822192946
222 1 0.74663866401 0.18170787525 0.25336133599
151 1 0.802563780106 0.199993070656 0.197436219894
276 1 0.789491627291 0.134693511316 0.210508372709
238 -1 0.41954116712 0.216564790186 0.58045883288
247 -1 0.26012888737 0.0567868887105 0.73987111263
362 -1 0.404675972728 0.0607723693755 0.595324027272
208 -1 0.449567517022 0.297364939204 0.550432482978
191 1 0.55192869051 0.341386158155 0.44807130949
196 1 0.55192869051 0.341386158155 0.44807130949
186 1 0.55192869051 0.341386158155 0.44807130949
194 1 0.60149618154 0.13280159726 0.39850381846
194 1 0.517920699792 0.34795733123 0.482079300208
190 -1 0.478470734713 0.0731832737656 0.521529265287
193 0 0.517421067764 0.794440704855 0.482578932236
215 0 0.503803828621 0.923250965265 0.496196171379
196 0 0.484230978056 0.595089061404 0.515769021944
423 1 0.52640009802 0.38127922047 0.47359990198
203 1 0.650254686838 0.284560890556 0.349745313162
186 1 0.55192869051 0.341386158155 0.44807130949
212 0 0.451231296038 0.595089061404 0.548768703962
301 -1 0.379527745664 0.198261066781 0.620472254336
194 1 0.60149618154 0.13280159726 0.39850381846
194 -1 0.337550320442 0.337291655025 0.662449679558
279 -1 0.453264436312 0.34568074149 0.546735563688
190 -1 0.357114400463 0.365565641771 0.642885599537
422 -1 0.332052559996 0.437794278885 0.667947440004
172 0 0.381523543868 0.569713092735 0.618476456132
239 0 0.243987765392 0.650162009069 0.756012234608
189 -1 0.459132295739 0.323600982945 0.540867704261
285 0 0.442399692121 0.867966897802 0.557600307879
361 0 0.490448001093 0.595089061404 0.509551998907
248 0 0.490448001093 0.595089061404 0.509551998907
201 -1 0.461412858201 0.334013904655 0.538587141799
183 0 0.375137449839 0.7129474047 0.624862550161
248 0 0.542484109948 0.808893880374 0.457515890052
200 -1 0.246994198289 0.405949951749 0.753005801711
282 -1 0.270205292447 0.0339099965897 0.729794707553
290 1 0.664849563528 0.334764551902 0.335150436472
388 -1 0.370674651633 0.348010776065 0.629325348367
151 -1 0.288152945593 0.171446416639 0.711847054407
258 -1 0.347509084567 0.332324087061 0.652490915433
339 -1 0.399943086586 0.312633104642 0.600056913414
343 -1 0.256352652224 0.344494745041 0.743647347776
193 0 0.284644970929 0.57612127882 0.715355029071
209 -1 0.373218924478 0.131413364534 0.626781075522
215 -1 0.372537575843 0.336544062636 0.627462424157
187 -1 0.307117627296 0.291803596419 0.692882372704
193 0 0.666169271456 0.818464733833 0.333830728544
198 -1 0.15953665923 0.193300737136 0.84046334077
282 0 0.490448001093 0.595089061404 0.509551998907
339 1 0.576669389873 0.0292911246623 0.423330610127
250 -1 0.490969629328 0.235027246518 0.509030370672
372 1 0.731279845275 0.123552633598 0.268720154725
190 -1 0.476438030019 0.356001894147 0.523561969981
189 0 0.0919386287006 0.531099459565 0.908061371299
170 -1 0.305435593214 0.00462481605688 0.694564406786
177 0 0.434416972645 0.776239573062 0.565583027355
176 0 0.578544534985 0.817439487071 0.421455465015
175 0 0.555178337845 0.919390893649 0.444821662155
167 -1 0.408501867292 0.341030470175 0.591498132708
207 -1 0.498405326923 0.169106658143 0.501594673077
179 0 0.653885175598 0.536828962682 0.346114824402
180 -1 0.26605258529 0.0901264278123 0.73394741471
379 0 0.50003069083 0.539535533364 0.49996930917
236 1 0.536070152208 0.132249120599 0.463929847792
206 -1 0.422222190639 0.243120843362 0.577777809361
216 1 0.698666593227 0.492549369191 0.301333406773
340 -1 0.40676988531 0.36457667947 0.59323011469
224 -1 0.4294690444 0.332531250518 0.5705309556
169 -1 0.3125172773 0.349499107035 0.6874827227
412 -1 0.194354106439 0.261183537218 0.805645893561
257 -1 0.474388432137 0.498705231954 0.525611567863
268 -1 0.287632501463 0.227381617711 0.712367498537
281 0 0.431178324335 0.716866827882 0.568821675665
272 -1 0.4277448532 0.346601259638 0.5722551468
434 -1 0.485882269118 0.335280067875 0.514117730882
325 -1 0.157254509929 0.157325939313 0.842745490071
396 1 0.523276678732 0.362848108815 0.476723321268
436 -1 0.460994749529 0.384691367361 0.539005250471
283 1 0.546470349688 0.325294039461 0.453529650312
174 1 0.684419293098 0.130083810634 0.315580706902
204 -1 0.436887880189 0.0837043526666 0.563112119811
362 0 0.648232921643 0.553859860756 0.351767078357
209 -1 0.498262364628 0.0872347396762 0.501737635372
413 -1 0.309836602109 0.208761111191 0.690163397891
345 -1 0.346569982173 0.00663099394799 0.653430017827
277 -1 0.213455552443 0.0612017306255 0.786544447557
304 -1 0.319457950553 0.0540996509512 0.680542049447
264 1 0.624818098374 0.316094476328 0.375181901626
192 1 0.720799201645 0.335877464899 0.279200798355
229 1 0.561361374879 0.153333040939 0.438638625121
256 1 0.869739748524 0.161514013287 0.130260251476
414 -1 0.248357598656 0.0277512672968 0.751642401344
264 0 0.48754094104 0.558516497403 0.51245905896
271 1 0.553154744902 0.14433769227 0.446845255098
276 -1 0.280179587069 0.224980448087 0.719820412931
350 0 0.472629829025 0.712364707858 0.527370170975
249 -1 0.22477821549 0.161627070761 0.77522178451
265 1 0.520334663595 0.308107052824 0.479665336405
269 1 0.628998488774 0.15576163819 0.371001511226
272 1 0.799964774389 0.488326695996 0.200035225611
231 -1 0.264110529237 0.274375882581 0.735889470763
350 0 0.294664353041 0.681027238212 0.705335646959
260 -1 0.294762800094 0.102639773671 0.705237199906
221 -1 0.342428258348 0.159822543193 0.657571741652
311 -1 0.43686030886 0.353899597838 0.56313969114
254 -1 0.401836513769 0.111515455227 0.598163486231
224 0 0.239104679223 0.528513892868 0.760895320777
252 0 0.301289022005 0.543010655448 0.698710977995
134 -1 0.498342140433 0.165414225136 0.501657859567
160 0 0.336395505629 0.683554280542 0.663604494371
228 -1 0.291830393222 0.330091139645 0.708169606778
176 -1 0.283318131492 0.466811744372 0.716681868508
304 -1 0.230592320565 0.233176287944 0.769407679435
426 1 0.599021684637 0.399102889739 0.400978315363
289 -1 0.325396189523 0.027231875183 0.674603810477
406 1 0.869516664275 0.0939488449476 0.130483335725
380 1 0.556966496398 0.0611584784147 0.443033503602
372 0 0.543902754691 0.974021761493 0.456097245309
429 0 0.332219972105 0.73398481694 0.667780027895
82 1 0.522193351732 0.0248318608563 0.477806648268
217 -1 0.329424879062 0.0568166418303 0.670575120938
297 -1 0.472193883934 0.429204450161 0.527806116066
285 0 0.242963568017 0.568182091685 0.757036431983
99 -1 0.297776579389 0.366041370838 0.702223420611
109 -1 0.269070412587 0.204099117815 0.730929587413
173 -1 0.482003295796 0.189155220402 0.517996704204
170 1 0.516860328731 0.180983863369 0.483139671269
95 1 0.622305935236 0.169950213128 0.377694064764
115 -1 0.382707379962 0.28479078346 0.617292620038
117 1 0.625677889607 0.472420985513 0.374322110393
279 -1 0.234254340256 0.207141998335 0.765745659744
294 -1 0.489853199014 0.12510186811 0.510146800986
107 1 0.534508322679 0.214599041247 0.465491677321
256 -1 0.19927909469 0.19553208684 0.80072090531
232 0 0.515162294989 0.595089061404 0.484837705011
241 1 0.541789046843 0.173710871594 0.458210953157
144 0 0.394827415505 0.765318169992 0.605172584495
120 1 0.538020324672 0.301346745676 0.461979675328
374 -1 0.491436312293 0.206527386975 0.508563687707
155 -1 0.43728551651 0.282667952057 0.56271448349
318 0 0.533599270403 0.667343155057 0.466400729597
376 -1 0.470224034493 0.407674216744 0.529775965507
143 -1 0.495333802491 0.234925705293 0.504666197509
361 0 0.579187310319 0.618318297939 0.420812689681
271 0 0.490448001093 0.595089061404 0.509551998907
242 0 0.490448001093 0.522593536931 0.509551998907
195 -1 0.369405818059 0.125399768047 0.630594181941
233 1 0.546435133297 0.445700442288 0.453564866703
188 0 0.523263706009 0.821272799789 0.476736293991
233 -1 0.450907644014 0.133354807493 0.549092355986
179 0 0.490448001093 0.595089061404 0.509551998907
177 -1 0.163146398337 0.445877103924 0.836853601663
188 0 0.506856912023 0.533928132375 0.493143087977
233 0 0.214421229796 0.864369447782 0.785578770204
383 -1 0.274507220759 0.0499908738459 0.725492779241
116 -1 0.436859481523 0.178307401925 0.563140518477
375 1 0.558117115448 0.343465296797 0.441882884552
184 -1 0.237104935342 0.134251415647 0.762895064658
232 -1 0.28104308717 0.335533566989 0.71895691283
186 1 0.597309320954 0.233762377277 0.402690679046
371 -1 0.405634465383 0.351210883574 0.594365534617
187 0 0.5032661713 0.595089061404 0.4967338287
212 1 0.662844642686 0.149921587246 0.337155357314
194 1 0.676750258158 0.0817152686541 0.323249741842
250 -1 0.13171849981 0.138169341994 0.86828150019
264 -1 0.169890870825 0.204505658791 0.830109129175
428 -1 0.381592267306 0.0374520801546 0.618407732694
285 -1 0.400579044797 0.371598367338 0.599420955203
406 -1 0.4002306397 0.0263819783541 0.5997693603
324 0 0.448242085177 0.65851892757 0.551757914823
358 -1 0.419286244758 0.190972947136 0.580713755242
243 -1 0.341942005071 0.141530911942 0.658057994929
367 -1 0.351619152496 0.0491630678772 0.648380847504
346 -1 0.455393947567 0.388164213179 0.544606052433
176 -1 0.367627811517 0.320049838921 0.632372188483
246 -1 0.409134530577 0.145889790698 0.590865469423
250 1 0.646049189657 0.135476455668 0.353950810343
432 0 0.566213538014 0.743953777278 0.433786461986
312 -1 0.202060580062 0.00402231765463 0.797939419938
208 1 0.787572769009 0.185846628161 0.212427230991
160 1 0.667556500608 0.381315499857 0.332443499392
190 -1 0.453735728973 0.401960422713 0.546264271027
434 -1 0.477509084505 0.3473017517 0.522490915495
261 -1 0.488196239761 0.184305593101 0.511803760239
267 -1 0.242621538377 0.184750609821 0.757378461623
398 1 0.631391499637 0.324497071948 0.368608500363
267 -1 0.313882344805 0.20540394591 0.686117655195
268 1 0.641371012515 0.318963618546 0.358628987485
192 -1 0.272370231773 0.122083998739 0.727629768227
239 0 0.743271989747 0.689438204501 0.256728010253
189 -1 0.268117171388 0.128307832229 0.731882828612
271 -1 0.34003509711 0.234352181491 0.65996490289
237 -1 0.248602857101 0.17139106404 0.751397142899
196 0 0.357881291436 0.57173049326 0.642118708564
169 1 0.63729057549 0.214596638583 0.36270942451
186 1 0.570392695507 0.347205433907 0.429607304493
250 -1 0.273626442715 0.365390546958 0.726373557285
187 1 0.718516899292 0.406223608631 0.281483100708
230 -1 0.407520131362 0.187965027253 0.592479868638
194 -1 0.196399430485 0.400754304975 0.803600569515
197 1 0.637480826347 0.219470939413 0.362519173653
202 0 0.490448001093 0.595089061404 0.509551998907
217 -1 0.447201402708 0.121893075265 0.552798597292
225 0 0.606941504753 0.649513218946 0.393058495247
224 -1 0.237982950673 0.355721347053 0.762017049327
229 0 0.789261537425 0.549367753217 0.210738462575
232 -1 0.48900063744 0.0482147624278 0.51099936256
241 0 0.51212860411 0.776861556127 0.48787139589
244 1 0.632515977735 0.0908722329314 0.367484022265
255 0 0.39764880468 0.665401740709 0.60235119532
256 -1 0.266110020577 0.177911643602 0.733889979423
257 1 0.53719626869 0.294757576458 0.46280373131
263 0 0.45819245635 0.698476585188 0.54180754365
272 0 0.422375303056 0.521743667196 0.577624696944
285 0 0.334820587298 0.711905648572 0.665179412702
287 1 0.6158530379 0.305901636296 0.3841469621
292 0 0.455123780504 0.517868515049 0.544876219496
306 1 0.556340434557 0.212365689222 0.443659565443
312 -1 0.378402716074 0.114427989751 0.621597283926
300 0 0.390878617073 0.94111162681 0.609121382927
319 -1 0.438268040631 0.16780896267 0.561731959369
332 0 0.390639700476 0.606703592453 0.609360299524
333 -1 0.218842908832 0.204222925029 0.781157091168
336 -1 0.339643250093 0.115302257726 0.660356749907
345 -1 0.460151035933 0.0809258770741 0.539848964067
433 1 0.562723933283 0.426021765833 0.437276066717
373 0 0.411912578283 0.500804847394 0.588087421717
382 0 0.68448666884 0.554808202986 0.31551333116
390 1 0.750794543291 0.167021145341 0.249205456709
420 -1 0.400692345078 0.267776432399 0.599307654922
153 -1 0.246997412184 0.473111692936 0.753002587816
195 1 0.526629797685 0.337864162021 0.473370202315
212 -1 0.402425495747 0.323619992999 0.597574504253
232 0 0.371290975683 0.885480506616 0.628709024317
237 1 0.581437434139 0.434635317339 0.418562565861
150 -1 0.389272469894 0.227733556609 0.610727530106
203 -1 0.285063373871 0.148877683579 0.714936626129
244 -1 0.480641704131 0.363041782408 0.519358295869
189 0 0.358778302366 0.729358682337 0.641221697634
377 -1 0.34329464718 0.123885902804 0.65670535282
201 1 0.532725806037 0.0802479114935 0.467274193963
114 1 0.836552689792 0.156877877961 0.163447310208
177 1 0.689670775849 0.000507515308077 0.310329224151
368 -1 0.292165939601 0.190825684609 0.707834060399
194 0 0.458293118448 0.819633703377 0.541706881552
195 -1 0.49493532663 0.3368704592 0.50506467337
195 0 0.644293389694 0.791663121513 0.355706610306
199 0 0.418173787866 0.522593536931 0.581826212134
199 1 0.712596398878 0.346728003006 0.287403601122
201 -1 0.463016585793 0.205399337694 0.536983414207
203 1 0.604351869023 0.377867279816 0.395648130977
203 0 0.268846669007 0.512305308888 0.731153330993
204 1 0.698271896416 0.0972206634578 0.301728103584
205 -1 0.413311971142 0.012124838081 0.586688028858
207 0 0.490448001093 0.595089061404 0.509551998907
209 -1 0.401788909347 0.199979040503 0.598211090653
210 -1 0.46151138728 0.401983224004 0.53848861272
211 -1 0.374432351017 0.341858729101 0.625567648983
212 0 0.389793735817 0.557039906722 0.610206264183
213 1 0.647214565327 0.194226456466 0.352785434673
214 0 0.51274462679 0.751817315602 0.48725537321
215 -1 0.417012702896 0.000557066754196 0.582987297104
239 1 0.528145685503 0.111111593958 0.471854314497
218 -1 0.280668876382 0.213794722244 0.719331123618
222 1 0.583002985361 0.108373890267 0.416997014639
223 -1 0.303469747555 0.163144262485 0.696530252445
326 0 0.721453545843 0.800185920353 0.278546454157
226 -1 0.333638796168 0.170027731267 0.666361203832
226 -1 0.4278762894 0.157350360905 0.5721237106
227 0 0.279992641439 0.584182280007 0.720007358561
229 -1 0.483228899102 0.38389020962 0.516771100898
232 -1 0.196649155932 0.132613939988 0.803350844068
233 0 0.490448001093 0.595089061404 0.509551998907
234 0 0.346625842591 0.679286036488 0.653374157409
235 0 0.446255140455 0.620737275443 0.553744859545
235 0 0.476198972016 0.627681943152 0.523801027984
235 0 0.478452358559 0.523194670089 0.521547641441
235 -1 0.471436668348 0.173650201214 0.528563331652
237 -1 0.380944959861 0.11727801901 0.619055040139
238 0 0.127771313631 0.586427184833 0.872228686369
239 0 0.490448001093 0.595089061404 0.509551998907
239 -1 0.216926550748 0.338306648545 0.783073449252
241 0 0.490448001093 0.595089061404 0.509551998907
253 0 0.381523543868 0.569713092735 0.618476456132
255 -1 0.229619100173 0.414042694252 0.770380899827
258 -1 0.290288463896 0.271667256043 0.709711536104
261 -1 0.482159678162 0.15654449749 0.517840321838
266 1 0.674381428087 0.377069559254 0.325618571913
266 -1 0.339388079416 0.0752500418339 0.660611920584
268 -1 0.353987577767 0.339761050483 0.646012422233
271 -1 0.251486633108 0.220434204051 0.748513366892
273 0 0.509030865221 0.559460696373 0.490969134779
274 -1 0.451147319728 0.378161134251 0.548852680272
276 -1 0.488483113658 0.409195045151 0.511516886342
278 0 0.558828788756 0.766461466098 0.441171211244
281 -1 0.406982957517 0.343120789442 0.593017042483
285 -1 0.258168667582 0.234461051869 0.741831332418
291 1 0.763464386521 0.100727497971 0.236535613479
294 -1 0.429786788808 0.344227366677 0.570213211192
297 1 0.744705399867 0.106105860701 0.255294600133
298 0 0.583570978205 0.732371476303 0.416429021795
298 0 0.473890026669 0.763931052949 0.526109973331
300 -1 0.417269748729 0.324577186965 0.582730251271
303 -1 0.300264986325 0.340553876084 0.699735013675
307 0 0.686966558325 0.579140214782 0.313033441675
311 -1 0.349061471368 0.176449896116 0.650938528632
312 0 0.31118789422 0.526810200779 0.68881210578
314 0 0.529072084074 0.888114025895 0.470927915926
327 -1 0.319722826886 0.00441374517371 0.680277173114
351 0 0.81725040743 0.702443497036 0.18274959257
365 0 0.36916951572 0.908766027532 0.63083048428
432 -1 0.314144189605 0.341449964525 0.685855810395
366 1 0.527344684781 0.102019977736 0.472655315219
372 -1 0.409627862991 0.35446591017 0.590372137009
387 0 0.540535395707 0.586064301689 0.459464604293
388 -1 0.374894844412 0.344633247627 0.625105155588
390 -1 0.297982744165 0.0681144627407 0.702017255835
391 -1 0.309034663337 0.230562341727 0.690965336663
394 0 0.226732678367 0.586535458614 0.773267321633
395 -1 0.433841789508 0.209825124151 0.566158210492
395 1 0.709596778413 0.333977571524 0.290403221587
395 1 0.578943487818 0.361755728071 0.421056512182
406 0 0.455968850395 0.564235672663 0.544031149605
406 -1 0.391744870283 0.122513800272 0.608255129717
418 0 0.544767050378 0.601557091802 0.455232949622
420 -1 0.341344391795 0.408545626623 0.658655608205
425 0 0.714756074782 0.678185611208 0.285243925218
429 1 0.78073573071 0.145525651459 0.21926426929
192 1 0.504246781143 0.0653639221344 0.495753218857
76 1 0.526383374892 0.0146196855918 0.473616625108
55 0 0.451612657465 0.522593536931 0.548387342535
61 1 0.540708572511 0.281473668843 0.459291427489
73 1 0.524008361913 0.251840725949 0.475991638087
215 0 0.473658274797 0.657532682568 0.526341725203
227 -1 0.179693849886 0.161640259242 0.820306150114
229 0 0.594744439803 0.643392001982 0.405255560197
372 -1 0.439167367412 0.171077364307 0.560832632588
400 -1 0.488002307585 0.0119635896839 0.511997692415
160 1 0.58426474078 0.3168622945 0.41573525922
196 -1 0.455575375152 0.399133828188 0.544424624848
180 1 0.621571805747 0.183347938969 0.378428194253
205 -1 0.220945993472 0.204031377666 0.779054006528
211 -1 0.383755180145 0.469736547096 0.616244819855
249 -1 0.185339754265 0.0430073229019 0.814660245735
257 -1 0.321208473744 0.280540958247 0.678791526256
261 -1 0.434599376838 0.391501241327 0.565400623162
268 0 0.500660001481 0.595089061404 0.499339998519
276 -1 0.351456803397 0.255715784127 0.648543196603
287 0 0.635411492184 0.640298473691 0.364588507816
302 1 0.696733703484 0.150470074009 0.303266296516
400 -1 0.409762456974 0.216723463784 0.590237543026
202 -1 0.227968139534 0.194615700705 0.772031860466
248 -1 0.424377016083 0.184521606024 0.575622983917
250 -1 0.252728759154 0.333521542472 0.747271240846
262 1 0.582185388905 0.256133424666 0.417814611095
203 0 0.456679859723 0.689460844978 0.543320140277
182 -1 0.296930835623 0.284088010415 0.703069164377
213 -1 0.215924565268 0.358510693672 0.784075434732
236 1 0.545170633604 0.228963059537 0.454829366396
376 1 0.503507890587 0.174735929389 0.496492109413
239 -1 0.171483699678 0.19226131271 0.828516300322
301 -1 0.198098502717 0.375548940843 0.801901497283
141 1 0.604222220455 0.373210725652 0.395777779545
169 0 0.559899340939 0.748571003061 0.440100659061
159 -1 0.434875871309 0.423929164111 0.565124128691
172 0 0.326087148005 0.580292929158 0.673912851995
175 0 0.430017130276 0.826759087224 0.569982869724
193 0 0.479172768295 0.553679101363 0.520827231705
255 0 0.493156064644 0.856804342421 0.506843935356
201 -1 0.33104524931 0.474337737121 0.66895475069
229 -1 0.35531571811 0.178011420519 0.64468428189
231 -1 0.347278507784 0.414238969871 0.652721492216
243 -1 0.337783884093 0.172559425092 0.662216115907
300 1 0.52550743615 0.124566690958 0.47449256385
310 -1 0.327505034642 1.20093742328e-05 0.672494965358
343 -1 0.350265649015 0.494371482672 0.649734350985
348 1 0.544053185429 0.483992201193 0.455946814571
351 -1 0.36819697685 0.142446684806 0.63180302315
359 -1 0.392856678166 0.133512113987 0.607143321834
363 -1 0.196229265329 0.336237713245 0.803770734671
390 0 0.484375157263 0.729616521294 0.515624842737
37 -1 0.314413843695 0.0907709346216 0.685586156305
39 -1 0.179125346511 0.145720207945 0.820874653489
73 -1 0.42076609297 0.184945149105 0.57923390703
88 -1 0.485000285799 0.0680146047062 0.514999714201
78 -1 0.432539049521 0.339626784249 0.567460950479
79 1 0.60416896459 0.0871269718034 0.39583103541
85 1 0.619609644121 0.205049510875 0.380390355879
169 1 0.540581978018 0.17614428239 0.459418021982
163 1 0.51901500536 0.166700831076 0.48098499464
214 -1 0.374332855599 0.156377143297 0.625667144401
183 0 0.483494323258 0.724262301069 0.516505676742
184 -1 0.417681987528 0.490348822956 0.582318012472
185 0 0.348153877131 0.610961411313 0.651846122869
280 0 0.426573081499 0.777578575171 0.573426918501
349 -1 0.37811136603 0.133505113788 0.62188863397
359 -1 0.453232676561 0.139206090112 0.546767323439
360 -1 0.418311429228 0.0395240970575 0.581688570772
379 1 0.511540254182 0.211074176662 0.488459745818
388 -1 0.44782411489 0.0908896045071 0.55217588511
181 0 0.403511216922 0.670723979464 0.596488783078
327 0 0.461411534192 0.572160484226 0.538588465808
330 0 0.542806498346 0.659916508641 0.457193501654
